Patient_ID,Deceased
901,1
902,1
903,1
904,1
905,1
906,1
907,1
908,0
909,1
910,1
911,0
912,1
913,0
914,0
915,1
916,1
917,1
918,0
919,1
920,0
921,1
922,0
923,0
924,1
925,1
926,0
927,0
928,0
929,0
930,0
931,1
932,0
933,0
934,1
935,0
936,0
937,1
938,1
939,1
940,1
941,1
942,1
943,0
944,1
945,1
946,1
947,1
948,1
949,1
950,1
951,1
952,1
953,1
954,1
955,0
956,1
957,1
958,0
959,1
960,0
961,1
962,1
963,1
964,1
965,1
966,0
967,1
968,1
969,1
970,1
971,1
972,1
973,1
974,1
975,1
976,0
977,1
978,1
979,0
980,1
981,1
982,0
983,1
984,1
985,1
986,0
987,1
988,1
989,0
990,1
991,0
992,1
993,1
994,1
995,0
996,1
997,1
998,0
999,0
1000,0
1001,1
1002,1
1003,1
1004,0
1005,1
1006,1
1007,1
1008,1
1009,1
1010,1
1011,1
1012,1
1013,1
1014,1
1015,1
1016,0
1017,1
1018,1
1019,1
1020,1
1021,0
1022,0
1023,0
1024,0
1025,0
1026,0
1027,0
1028,1
1029,0
1030,0
1031,1
1032,1
1033,1
1034,1
1035,0
1036,1
1037,1
1038,1
1039,0
1040,0
1041,1
1042,0
1043,1
1044,0
1045,1
1046,0
1047,0
1048,0
1049,0
1050,0
1051,0
1052,0
1053,0
1054,1
1055,1
1056,0
1057,1
1058,0
1059,1
1060,0
1061,0
1062,1
1063,1
1064,1
1065,1
1066,0
1067,1
1068,1
1069,1
1070,0
1071,1
1072,1
1073,0
1074,1
1075,1
1076,0
1077,1
1078,0
1079,1
1080,0
1081,1
1082,1
1083,1
1084,1
1085,1
1086,1
1087,1
1088,0
1089,1
1090,0
1091,1
1092,1
1093,0
1094,1
1095,0
1096,1
1097,1
1098,1
1099,1
1100,0
1101,1
1102,0
1103,0
1104,0
1105,1
1106,1
1107,0
1108,0
1109,1
1110,1
1111,1
1112,1
1113,1
1114,1
1115,1
1116,0
1117,1
1118,1
1119,1
1120,1
1121,0
1122,1
1123,0
1124,1
1125,1
1126,0
1127,0
1128,1
1129,0
1130,1
1131,0
1132,0
1133,0
1134,1
1135,1
1136,0
1137,0
1138,1
1139,0
1140,0
1141,1
1142,1
1143,0
1144,0
1145,1
1146,0
1147,1
1148,0
1149,0
1150,1
1151,1
1152,1
1153,0
1154,1
1155,1
1156,1
1157,1
1158,0
1159,1
1160,1
1161,1
1162,0
1163,1
1164,0
1165,0
1166,1
1167,1
1168,0
1169,1
1170,1
1171,1
1172,0
1173,1
1174,1
1175,1
1176,1
1177,1
1178,1
1179,0
1180,1
1181,1
1182,1
1183,1
1184,1
1185,0
1186,1
1187,1
1188,1
1189,1
1190,1
1191,1
1192,0
1193,1
1194,1
1195,1
1196,1
1197,1
1198,0
1199,1
1200,0
1201,1
1202,0
1203,0
1204,1
1205,0
1206,1
1207,1
1208,0
1209,0
1210,1
1211,0
1212,1
1213,1
1214,1
1215,1
1216,1
1217,1
1218,0
1219,1
1220,1
1221,0
1222,1
1223,0
1224,0
1225,1
1226,1
1227,0
1228,1
1229,1
1230,1
1231,1
1232,0
1233,1
1234,0
1235,1
1236,1
1237,1
1238,1
1239,1
1240,0
1241,0
1242,0
1243,1
1244,1
1245,1
1246,1
1247,1
1248,1
1249,1
1250,0
1251,1
1252,0
1253,1
1254,0
1255,1
1256,0
1257,1
1258,1
1259,1
1260,0
1261,0
1262,1
1263,0
1264,0
1265,0
1266,1
1267,0
1268,1
1269,1
1270,1
1271,1
1272,1
1273,1
1274,1
1275,0
1276,0
1277,1
1278,0
1279,1
1280,1
1281,1
1282,0
1283,1
1284,1
1285,0
1286,0
1287,0
1288,0
1289,1
1290,0
1291,1
1292,0
1293,1
1294,0
1295,1
1296,1
1297,1
1298,0
1299,1
1300,0
